cameraX = 0.998780
rayDirX = -1.000000
rayDirY = 0.659195
mapX = 0
mapY = 9
sideDistX = 3.000000
sideDistY = 3.034003
deltaDistX = 1.000000
deltaDistY = 1.517002
perpWallDist = 2.000000
stepX = -1
stepY = 1
side = 0
hit = 1
texCol = 0